100 500
35 38
39 52
96 81
73 87
55 89
100 89
20 17
73 80
5 80
38 64
13 75
6 65
83 28
62 66
31 48
88 34
55 83
32 55
74 35
66 15
53 68
28 95
40 14
82 12
66 89
2 8
77 9
11 30
83 74
44 30
60 29
49 34
93 18
9 35
5 42
74 91
84 19
92 47
27 42
74 27
65 56
58 23
87 60
30 29
71 12
28 64
65 25
63 70
94 30
34 88
57 97
82 77
68 17
46 52
78 82
63 25
17 31
76 66
83 63
52 17
38 89
56 48
11 4
36 5
68 35
88 85
50 39
35 57
6 19
99 72
77 63
52 55
54 29
92 76
24 26
7 23
38 60
6 43
11 38
3 93
41 89
93 57
33 95
77 62
85 79
35 76
82 8
59 41
47 24
77 69
10 67
51 11
81 15
82 23
75 30
7 4
5 79
83 51
74 25
41 54
