200 500
86 51
46 21
5 2
9 66
51 52
17 50
64 63
72 4
52 11
77 64
81 53
45 85
8 96
26 68
83 3
11 95
56 33
96 93
54 40
30 67
47 31
58 34
60 49
14 88
77 52
32 99
97 57
98 40
91 2
60 91
11 67
65 95
73 46
77 8
63 64
87 67
24 33
15 24
92 23
8 5
56 42
60 61
100 44
34 12
45 94
56 41
60 63
18 9
100 8
43 59
23 43
50 99
7 76
33 72
70 46
85 82
87 55
51 59
24 38
78 16
4 96
48 88
82 1
14 47
63 52
75 80
75 1
79 38
4 51
86 84
98 17
92 18
78 62
96 87
87 75
87 6
6 54
16 24
26 64
11 21
32 90
42 26
98 93
16 21
65 84
82 39
86 9
11 61
50 60
21 5
20 44
40 32
40 69
93 98
15 16
53 70
86 70
83 68
21 13
60 45
90 33
62 71
42 2
87 53
76 67
3 77
6 30
20 91
6 2
59 22
88 21
29 77
25 85
18 96
65 79
96 78
53 98
20 60
24 84
51 7
50 97
16 32
92 52
96 20
36 50
71 32
51 83
49 32
77 91
4 97
23 93
84 49
95 76
59 15
36 73
18 39
79 33
6 11
57 1
46 90
62 29
64 59
1 46
11 34
70 37
96 75
62 58
19 90
13 40
64 29
18 67
43 63
14 86
100 47
80 39
21 80
56 49
7 2
74 71
62 16
59 86
78 4
39 39
56 83
30 34
35 15
20 94
78 80
70 65
29 65
17 48
57 82
42 88
95 86
83 38
100 51
66 29
61 68
29 29
21 59
57 62
22 15
56 22
65 77
3 68
17 42
55 90
12 30
41 13
4 63
29 99
83 100
98 69
37 89
73 76
14 97
15 16
55 11
12 85
6 52
